"","Year","Capital","GDP","Labor","log_Y","log_K","log_L","log_A","Simulated_k_t","Simulated_Y_t","A","ktss","Ktss","Ytss","simulated_y_t"
"1",1990,83718295868.5684,465242841648.51,307787048,26.8658253463182,25.1507233791877,19.5449186992114,5.63916524311388,272.00071092195,0,281.22786356986,40572.1387755636,12487578824777.1,3511855114052272,76494.178822063
"2",1991,66403598831.0915,470159674247.956,315788431,26.876338206397,24.9190170912235,19.5705830251692,5.70122496141146,739.298420695558,1933008773.44448,299.233726321793,44333.3996053165,13999974702258.9,4189264598567770,221223.021288548
"3",1992,72309963480.4499,495935689518.468,323960205,26.9297120970361,25.0042277640916,19.596131242139,5.71115189831127,1357.93339657004,2385225595.95574,302.218993405275,44966.5856499361,14567384305303.4,4402540221296587,410393.264222805
"4",1993,66103013543.2141,519496484311.542,332310093,26.9761258800163,24.9144801734337,19.6215791060203,5.76667645377193,2121.74398569273,2934432534.56048,319.47417903885,48678.6466288193,16176405588337.1,5167943895133455,677842.417959801
"5",1994,76447764811.0753,554089360749.644,340802039,27.0405918116782,25.0598735316289,19.6468123358828,5.76986111707164,2969.54597554243,3314189901.6697,320.493218519593,48900.6155996949,16665429504731.2,5341157139982709,951719.347243499
"6",1995,90563784414.7983,596058814154.216,351330547,27.1136051806099,25.2293202395608,19.677238067626,5.77074246140343,3877.10732340047,3670752410.73945,320.775807912103,48962.2233475562,17201924711033.1,5517961296824800,1243682.23402572
"7",1996,96357120054.4483,641058406947.109,362330724,27.1863864081983,25.2913271268912,19.7080679549195,5.80334070168727,4865.15643650535,4148217309.86356,331.404837379962,51296.2660703534,18586213223767.8,6159560970932066,1612336.37766813
"8",1997,105422644244.087,667020123972.214,373667535,27.2260860532798,25.3812432910041,19.7388770161836,5.79449915465,5875.96128206999,4446132928.15026,328.48762127751,50652.4287864214,18927168206385.1,6217340461634761,1930180.54426592
"9",1998,107270853380.621,708271422053.216,385347723,27.2860932216567,25.3986228129694,19.7696566612568,5.82774671488606,6954.16004239533,4940018809.78544,339.592617328685,53116.2918938198,20468242135486.8,6950863918907250,2361581.41011959
"10",1999,126336800901.091,770923380745.097,397354085,27.3708548291061,25.5622172007499,19.8003383429066,5.84195282884643,8070.22078571246,5353254361.53394,344.451338813352,54205.2704791491,21538685653419.8,7419029109600383,2779798.354158
"11",2000,121884874869.223,800534479623.61,409617771,27.4085454410647,25.5263427875501,19.8307350169789,5.86912809291447,9239.4853270788,5851799417.13108,353.940242686629,56350.9979874192,23082370189232.1,8169779706559430,3270225.67896582
"12",2001,145303445579.778,839151992864.812,418764922,27.455657686559,25.7020901207981,19.8528202750955,5.84805645775273,10381.2887657405,6026057035.96025,346.560171179923,54679.9782942898,22898056845370,7935554500019034,3597741.21172326
"13",2002,145895259683.575,871073127580.09,427829074,27.4929917684607,25.7061548017731,19.8742343139676,5.86918130815147,11558.5124658237,6452274648.61502,353.95907820169,56355.2820527052,24110428135617.7,8534104917931327,4091240.4177857
"14",2003,172190930544.337,939542798342.002,436753652,27.5686592091445,25.8718697594017,19.8948798687065,5.88068237322943,12752.6927631507,6820152020.45887,358.053484479524,57288.8529028278,25021115724200.8,8958897670615518,4566146.08034291
"15",2004,217767622880.795,1013982178697.24,445825854,27.6449064456938,26.1066943811186,19.9154389718508,5.87209085106267,13924.5990565029,7043153257.64267,354.990436992283,56590.0096954535,25229289400343.8,8956156469232833,4943099.50401029
"16",2005,268719466729.103,1094324353140.52,454832471,27.7211582596608,26.3169337977631,19.9354397135102,5.87127032087473,15084.7466215282,7310005965.28678,354.69927609179,56523.714542039,25708820755254.2,9118900111062258,5350548.70668413
"17",2006,315785264190.765,1182534912713.8,457611460,27.7986814813704,26.4783282758387,19.9415310414226,5.89611126962294,16279.8205139687,7700010142.28702,363.620692090173,58565.5913699921,26800285772585.5,9745138460841942,5919679.6023931
"18",2007,435748337900.115,1273126725479.64,460225575,27.872496979237,26.8003307069964,19.947227307685,5.86933865175859,17407.5533199362,7679310597.25883,354.014775781545,56367.9508241291,25941972579606.5,9183841606100382,6162531.08546249
"19",2008,416231927051.965,1312424303406.43,462536166,27.9028971561539,26.7545084588047,19.9522353086163,5.90997990248109,18600.4841589934,8187115584.8537,368.698745404887,59737.4829682556,27630746338627.2,10187421509652532,6857975.17334435
"20",2009,455592813348.045,1415605643155.69,464961693,27.9785785718153,26.8448652943565,19.957465579513,5.95489307784927,19871.8939376053,8766798082.42685,385.635675477761,63695.9739887193,29616187903078.9,11421058627080134,7663311.24165084
"21",2010,556807282880.028,1535897931732.14,467561989,28.0601362977509,27.0454850257662,19.9630424946943,5.97236104373501,21163.4055620719,9126968461.3653,392.431124849923,65305.4566038398,30534349182244.5,11982628996148536,8305179.050379
"22",2011,625551370081.665,1616399198833.92,471891929,28.1112220745022,27.1618992899107,19.9722605533505,5.98206990018362,22456.6368478411,9442198961.01834,396.259737960288,66217.5404811797,31247522911299.5,12382135240739620,8898661.03279487
"23",2012,611105980816.668,1704596203504.32,476101422,28.1643493678259,27.1385362357682,19.9811414609278,6.03598947444602,23860.0270737943,10211459900.3095,418.212415476502,71519.729809739,34050645063472.5,14240402520527860,9978559.55586623
"24",2013,581075865322.952,1813453530766.63,484539458,28.2262541712808,27.0881471624218,19.9987094266395,6.10071342390659,25411.6230951241,11239482143.4849,446.175969166554,78448.0120076354,38011157219357.1,16959664911488940,11338055.5625622
"25",2014,613374078859.467,1947834564908.95,492791763,28.2977393919311,27.1422408295978,20.0155972553523,6.14414906430511,27062.1723410375,12104399230.0753,465.982958775231,83469.9805486669,41133318872153.3,19167425632291016,12610511.1383619
"26",2015,604427075366.936,2103588360044.94,500763345,28.3746657452963,27.1275468634411,20.0316441821801,6.21425075873791,28902.0334340093,13391712147.0024,499.821362076971,92261.9976776113,46201426573422.9,23092459959827388,14445853.7177807
"27",2016,646867394694.409,2277267041550.36,508796784,28.4539971739335,27.1954071563369,20.0475592492155,6.26208355258164,30873.0904797809,14489166868.0235,524.310230767368,98786.8889708486,50262451409732.8,26353117497570648,16187077.1939558
"28",2017,747127475823.859,2432016068497.75,516812065,28.5197416871232,27.3395016578867,20.0631898557484,6.27365829073331,32854.4463103472,15098238219.5327,530.414242418642,100433.943565345,51905473770099.5,27531402547148036,17426466.2497867
"29",2018,796366002399.328,2588974770244.57,524342818,28.5822830716696,27.4033247191235,20.0776562611928,6.30692627309766,34924.6193763248,16059555083.0158,548.356856551736,105322.378984951,55225032995433.2,30283025496341668,19151154.4974673
"30",2019,806858839433.266,2689205295885.31,531383542,28.6202668368556,27.416414569759,20.0909946197904,6.33164623207463,37054.6199635546,16913652304.4781,562.081148643753,109108.210826203,57978307530110.5,32588513692945276,20827703.3516725
"31",2020,730885041606.85,2533830417086.54,532528354,28.5607532725756,27.3175220225055,20.0931467010786,6.30029397506893,39025.7914194521,16673560085.3989,544.73202422437,104329.192341085,55558253071547.4,30264359658033840,21258598.3568762
"32",2021,936816398158.319,2779348258938.77,550352877,28.6532375769153,27.5657531535156,20.1260702250025,6.29526247335887,40938.8340892133,17222145900.6802,541.998087783592,103581.977410925,57006639273451.7,30897489477179860,22188769.7924433
"33",2022,1031187552661.07,2973542414790.52,568900960,28.7207750902558,27.6617322177664,20.1592169171865,6.31080358289536,42873.5049819385,18152211197.7929,550.487133166678,105907.37978444,60250810030452.4,33167295684633880,23601312.8463146
"34",2023,1100018143904.5,3215973434046.11,588969543,28.7991512066533,27.7263477900555,20.1938850306015,6.34552734821569,44909.6287277269,19525148130.2961,569.937866197391,111293.439868234,65548446418091.9,37358541684081296,25595697.9687977
